# Walls ( x1, y1, x2, y2 )
0 0 400 0
400 0 400 300
400 300 0 300
0 300 0 0
26.4 81.9 37.4 37.4
37.4 37.4 72.0 14.3
72.0 14.3 174 13
174 13 341 39
341 39 366 52
366 52 388 81
388 81 383 237
383 237 375 265
375 265 362 276
362 276 341 282
341 282 265 270
265 270 242 253
242 253 229 188
229 188 205 140
205 140 191 132
191 132 149 137
149 137 97 164
97 164 40 168
40 168 19 156
19 156 15 117
15 117 26.4 81.9
87 75 164 70
164 70 306 94
306 94 317 105
317 105 316 215
316 215 296 209
296 209 294 117
294 117 211 86
211 86 160 77
160 77 85 103
85 103 87 75
